-0.37
0.02
-0.67
0.89
-0.43
0.02
0.97
0.59
-0.89
0.13
-0.07
0.41
0.71
0.07
-0.13
0.17
-0.29
-0.05
-0.71
-0.73
0.59
-0.89
-0.59
-0.61
0.73
0.47
-0.11
0.05
0.89
0.43
-0.41
-0.53
-0.79
0.13
0.07
-0.05
-0.71
-0.59
0.07
0.67
-0.89
0.73
-0.37
-0.05
-0.83
-0.67
-0.73
-0.05
-0.53
-0.67
-0.47
0.41
-0.29
0.05
-0.47
-0.97
0.83
0.79
-0.53
-0.13
-0.23
0.13
0.47
-0.19
-0.23
-0.83
-0.41
0.61
-0.23
-0.41
-0.03
-0.79
0.79
-0.19
0.19
0.29
-0.83
0.13
-0.17
0.41
0.43
0.97
0.89
0.17
-0.67
0.11
-0.79
0.83
0.89
-0.29
-0.17
-0.05
-0.17
-0.13
-0.13
0.02
0.37
-0.31
0.41
-0.19
0.79
0.11
0.11
-0.83
0.71
-0.79
0.83
-0.41
0.29
0.03
0.11
0.11
0.83
0.73
0.89
0.41
0.37
0.13
0.73
-0.31
-0.53
0.41
0.07
0.19
-0.13
-0.19
0.97
0.59
0.59
-0.53
-0.29
-0.43
-0.07
0.29
-0.19
-0.47
-0.67
-0.83
-0.11
-0.43
-0.97
0.89
-0.53
0.19
-0.67
-0.97
-0.79
0.79
-0.29
0.97
-0.97
0.71
-0.67
0.29
0.43
-0.79
0.47
0.97
0.89
-0.37
0.41
0.89
0.13
0.89
0.79
0.47
0.02
0.31
0.02
0.02
0.19
0.59
-0.43
0.47
-0.03
0.79
-0.43
-0.23
0.37
-0.89
0.83
-0.19
-0.19
-0.67
-0.71
-0.41
-0.17
-0.41
-0.97
-0.71
0.37
-0.43
0.29
0.79
0.29
-0.71
0.79
-0.31
-0.29
-0.79
-0.53
0.73
0.05
0.37
-0.67
-0.97
-0.89
-0.03
-0.23
-0.59
0.71
0.53
0.02
0.97
-0.19
-0.71
-0.02
-0.53
0.73
0.67
0.02
-0.71
0.53
0.59
-0.11
0.31
-0.43
-0.71
0.23
0.05
0.19
0.13
-0.73
-0.41
0.07
-0.11
0.03
0.59
-0.05
0.47
0.05
0.05
0.43
-0.43
-0.97
-0.53
-0.29
0.07
0.13
0.43
-0.37
-0.05
0.37
-0.37
0.17
-0.29
0.13
-0.37
0.19
-0.23
-0.13
0.53
0.05
-0.79
0.37
-0.29
0.53
0.11
0.89
0.29
-0.61
-0.29
0.59
0.47
0.43
0.02
-0.13
0.17
0.37
0.89
0.71
-0.83
-0.23
0.73
0.19
0.29
-0.13
-0.05
0.47
-0.97
-0.23
0.41
-0.13
0.59
-0.07
-0.53
-0.07
-0.41
-0.03
-0.23
0.07
0.59
0.47
-0.79
-0.67
-0.02
0.37
-0.05
0.79
0.02
0.89
-0.29
-0.41
-0.79
-0.02
0.13
-0.03
0.47
0.67
-0.02
-0.13
-0.07
-0.61
0.79
0.97
-0.89
-0.47
0.17
-0.05
-0.31
0.02
-0.17
0.41
0.41
0.07
0.59
0.71
-0.67
-0.59
-0.43
0.29
0.41
0.53
0.11
-0.03
0.02
0.71
0.59
0.59
-0.02
0.05
-0.41
0.89
-0.11
-0.89
0.83
-0.71
0.53
-0.29
0.73
-0.31
-0.73
0.67
0.23
-0.05
-0.47
-0.23
0.07
-0.59
0.05
-0.03
0.71
-0.11
-0.19
0.07
-0.31
-0.29
-0.61
0.07
-0.02
0.37
0.29
0.59
0.61
0.37
-0.41
-0.41
0.07
-0.47
-0.19
0.19
0.02
-0.73
0.37
-0.37
-0.11
0.19
0.03
-0.73
0.13
0.13
-0.47
-0.41
-0.71
-0.89
0.03
0.23
0.61
-0.71
0.17
0.83
0.02
-0.11
-0.02
0.02
0.97
-0.41
-0.61
0.83
0.97
0.53
0.83
0.29
0.23
-0.47
0.67
-0.89
0.02
-0.19
-0.71
-0.83
-0.47
-0.43
-0.13
-0.97
0.31
-0.43
-0.37
-0.41
0.29
-0.23
0.83
0.73
0.05
-0.83
0.07
-0.29
-0.17
0.02
0.83
-0.31
-0.71
0.59
-0.97
-0.13
-0.07
0.19
-0.23
0.47
0.97
0.19
0.83
0.83
0.11
0.79
-0.23
-0.31
-0.11
0.37
0.43
-0.83
-0.89
0.97
-0.97
0.71
0.43
0.43
-0.79
0.31
0.13
0.41
-0.03
-0.89
0.03
-0.11
0.61
0.73
-0.43
0.47
0.37
-0.07
0.71
0.31
0.17
-0.97
-0.71
-0.59
-0.29
-0.73
0.07
-0.59
0.11
0.11
-0.05
0.41
0.97
0.59
0.19
-0.89
-0.89
0.89
0.47
-0.19
0.13
0.31
0.89
-0.19
0.59
0.53
0.19
0.71
0.61
-0.19
0.31
-0.29
-0.37
0.03
-0.73
0.79
-0.61
0.61
0.02
-0.61
-0.03
-0.97
0.61
-0.83
0.73
0.07
0.89
0.37
-0.07
-0.11
0.31
0.07
-0.43
0.83
-0.11
0.03
0.43
-0.53
0.43
-0.47
0.53
0.02
-0.17
-0.47
-0.11
-0.05
0.47
-0.67
-0.73
-0.17
-0.83
-0.97
-0.47
0.59
0.07
-0.03
-0.37
-0.83
0.31
0.13
-0.71
0.19
0.11
-0.03
0.61
0.05
-0.03
-0.71
0.71
0.29
0.41
-0.11
-0.97
0.05
-0.97
-0.05
-0.71
-0.71
-0.11
0.23
-0.73
-0.02
0.11
-0.29
0.19
-0.59
-0.61
-0.43
-0.73
-0.97
0.19
-0.31
0.13
-0.13
0.97
0.37
0.29
-0.71
0.37
0.19
0.31
0.41
0.31
0.13
0.73
-0.23
0.47
0.03
0.79
-0.02
-0.11
-0.23
0.41
0.83
-0.73
-0.47
-0.73
0.73
0.13
0.41
-0.59
-0.07
0.83
0.23
0.97
-0.37
0.47
-0.19
-0.11
0.05
-0.53
-0.11
-0.23
0.23
-0.07
0.97
0.47
-0.07
0.07
-0.02
-0.19
0.59
0.73
0.37
0.11
0.37
-0.71
0.17
-0.19
-0.23
0.19
0.03
-0.23
-0.23
-0.97
-0.07
-0.29
0.05
-0.31
-0.05
-0.37
-0.19
0.31
-0.43
-0.19
0.11
-0.43
0.31
-0.71
0.73
-0.07
-0.97
-0.71
0.31
0.29
0.05
0.61
-0.19
-0.41
0.41
-0.41
-0.13
-0.43
0.13
0.79
-0.13
-0.31
-0.31
0.43
0.19
-0.31
-0.23
-0.23
0.97
0.97
0.83
0.07
0.37
-0.89
-0.83
0.79
0.17
-0.89
0.47
0.13
0.97
-0.37
0.83
0.29
-0.31
0.97
-0.53
-0.47
0.83
0.97
0.37
-0.83
0.71
-0.17
0.41
0.41
0.53
0.71
0.41
0.07
-0.73
0.43
0.05
0.97
0.23
-0.97
-0.31
0.07
-0.83
-0.67
0.47
-0.73
0.61
0.11
-0.11
0.13
0.31
-0.02
0.05
-0.11
0.11
-0.03
-0.13
0.79
-0.17
-0.02
0.31
0.59
-0.97
0.47
0.59
0.13
0.13
-0.29
0.11
-0.79
0.43
0.71
0.71
0.71
0.11
0.67
-0.19
-0.61
-0.47
-0.83
-0.31
-0.59
0.73
0.79
0.17
0.31
-0.05
0.83
-0.07
-0.07
-0.02
0.61
-0.02
0.47
-0.41
0.07
0.05
-0.03
-0.07
-0.43
-0.02
-0.43
-0.19
-0.03
0.37
-0.71
0.59
-0.07
0.59
0.07
-0.41
-0.41
-0.53
0.19
-0.02
0.05
0.43
0.97
0.47
0.19
0.29
0.67
-0.47
-0.61
-0.02
-0.59
0.71
0.41
0.29
-0.37
0.79
-0.53
-0.79
-0.97
-0.43
-0.29
-0.23
0.19
0.73
-0.19
-0.89
0.07
-0.71
0.79
-0.11
0.61
0.97
-0.03
0.29
0.79
0.29
-0.89
0.11
-0.02
-0.97
-0.47
0.17
0.23
-0.13
0.31
-0.17
0.07
0.02
0.31
0.59
-0.23
0.23
0.71
-0.31
-0.29
0.05
-0.37
0.05
0.19
0.02
0.37
0.31
0.13
-0.89
0.37
-0.71
0.31
0.67
-0.83
0.79
0.11
-0.53
-0.89
0.43
-0.97
-0.71
-0.13
0.23
-0.13
-0.23
0.11
0.11
-0.43
-0.53
-0.47
0.71
0.79
-0.89
0.73
0.89
-0.79
-0.05
0.37
-0.03
-0.73
0.73
-0.13
0.79
0.47
-0.79
-0.03
-0.47
0.07
0.29
-0.11
0.97
-0.43
-0.67
-0.05
-0.13
-0.97
-0.13
-0.03
-0.61
-0.29
-0.97
0.59
-0.17
-0.19
-0.13
-0.37
-0.02
-0.05
0.23
0.47
-0.17
0.05
-0.61
0.11
-0.89
-0.37
0.61
0.79
-0.43
-0.02
0.83
-0.73
0.07
0.79
0.23
0.03
0.07
0.71
-0.59
-0.83
-0.59
-0.79
0.31
0.59
0.61
-0.31
0.03
0.23
0.67
-0.19
-0.19
0.61
0.13
0.03
0.97
0.03
0.43
-0.29
-0.07
0.31
-0.79
-0.07
0.17
0.79
-0.03
0.79
-0.07
0.83
-0.43
-0.73
0.11
0.13
-0.31
0.13
0.37
-0.47
-0.53
0.19
0.67
0.07
-0.61
-0.67
-0.97
0.67
0.02
-0.43
0.97
0.17
-0.61
0.73
0.31
0.43
-0.53
0.11
-0.29
0.83
-0.05
0.73
0.83
0.67
0.61
-0.67
-0.03
0.17
-0.02
-0.79
-0.37
-0.19
0.79
0.05
0.73
-0.23
-0.41
-0.23
0.89
-0.41
0.31
-0.19
-0.41
-0.47
0.11
-0.59
0.41
-0.07
0.29
-0.17
-0.11
0.02
0.17
0.11
-0.19
0.79
-0.59
-0.02
-0.07
-0.23
-0.59
-0.31
-0.11
0.11
0.67
0.29
0.19
0.37
-0.02
-0.61
-0.13
0.79
0.11
-0.61
-0.05
-0.02
0.17
0.19
0.23
-0.02
-0.31
-0.71
0.97
-0.11
0.13
0.71
0.67
-0.59
-0.73
-0.23
0.71
-0.05
0.43
-0.89
-0.17
0.71
-0.67
0.11
-0.02
-0.59
0.23
0.05
0.59
0.23
-0.71
0.47
0.13
-0.41
0.05
-0.23
0.67
0.73
0.89
-0.07
-0.53
-0.97
0.47
0.29
0.73
-0.89
0.53
0.41
0.83
0.05
-0.11
-0.07
-0.03
-0.71
-0.07
-0.05
0.23
-0.23
-0.29
0.73
-0.53
-0.59
0.07
-0.83
0.89
0.83
-0.11
-0.71
0.67
-0.61
-0.59
0.13
-0.41
-0.89
-0.02
0.53
-0.73
-0.03
-0.11
0.17
0.02
-0.03
-0.43
0.31
0.02
-0.31
0.23
0.11
-0.73
0.31
0.61
0.71
0.07
0.59
0.02
0.29
-0.73
-0.13
0.59
-0.97
0.02
0.73
0.71
0.89
-0.02
0.61
-0.61
0.02
0.41
-0.05
0.71
-0.02
0.43
0.73
0.67
0.61
-0.13
0.02
0.37
0.07
0.83
0.47
-0.59
0.47
0.73
-0.19
0.79
0.73
-0.41
0.03
-0.67
-0.59
0.31
0.11
-0.67
-0.23
0.19
0.03
0.29
0.19
-0.23
0.19
0.71
0.17
-0.59
-0.67
0.23
-0.29
0.47
-0.71
-0.07
-0.13
-0.73
0.59
0.02
0.19
-0.17
0.71
0.03
-0.67
0.23
0.02
0.59
0.79
-0.03
0.07
0.19
0.13
0.05
-0.19
-0.59
0.73
-0.05
-0.97
-0.23
-0.83
-0.19
0.31
-0.53
0.07
0.89
-0.23
-0.03
0.03
-0.53
0.02
-0.83
-0.29
0.03
-0.23
0.59
0.73
-0.19
-0.19
0.02
0.03
0.11
0.97
-0.29
-0.17
-0.17
-0.37
-0.71
0.43
0.13
0.61
0.97
0.61
-0.89
0.59
0.23
0.11
0.05
0.67
0.97
-0.17
-0.61
-0.11
-0.53
-0.71
-0.05
-0.41
-0.17
0.19
0.53
0.71
-0.97
-0.71
0.97
0.97
0.53
-0.61
-0.05
-0.07
0.29
0.53
-0.59
-0.17
-0.37
0.03
0.97
-0.19
0.11
-0.61
0.19
0.31
0.23
0.17
0.02
0.67
0.13
0.37
-0.47
-0.43
0.41
-0.53
0.37
-0.13
0.97
0.03
0.31
0.23
0.41
0.53
-0.53
-0.67
-0.61
-0.53
0.17
0.23
0.29
0.37
0.83
-0.83
-0.71
-0.83
-0.05
-0.89
-0.47
0.71
-0.37
0.53
-0.02
-0.59
0.79
0.05
-0.79
-0.31
0.97
-0.59
0.89
-0.05
-0.47
0.79
0.41
-0.83
0.43
0.97
-0.03
0.31
-0.73
-0.89
0.23
-0.79
0.53
-0.97
0.17
-0.89
0.19
0.13
0.71
0.13
-0.19
-0.19
0.17
-0.23
-0.05
-0.53
0.19
0.73
0.03
0.41
0.73
-0.83
-0.97
-0.89
0.73
0.29
-0.73
0.47
-0.23
-0.31
-0.83
-0.71
-0.67
0.59
-0.53
-0.29
0.29
-0.71
-0.43
-0.05
-0.23
0.67
-0.31
-0.47
0.03
0.19
0.89
-0.53
0.29
-0.17
0.19
-0.37
-0.59
0.67
-0.97
-0.02
-0.73
-0.43
-0.97
0.43
0.89
-0.53
0.17
-0.43
-0.67
0.83
-0.59
0.02
-0.47
0.41
0.43
0.73
0.13
-0.29
0.97
-0.23
0.05
0.89
0.89
-0.43
0.11
-0.31
0.53
-0.37
-0.17
0.05
-0.97
-0.29
-0.03
-0.73
0.23
-0.89
-0.59
0.67
-0.29
0.13
-0.05
-0.07
-0.97
0.59
0.19
0.59
0.37
0.07
0.29
-0.47
0.61
0.17
-0.41
0.71
0.07
0.05
-0.03
0.53
0.03
0.37
0.31
0.83
-0.41
0.41
0.67
-0.11
-0.89
-0.47
-0.11
-0.05
0.37
-0.02
0.97
-0.19
0.13
0.03
-0.37
0.29
0.05
0.02
-0.31
-0.02
0.07
0.23
0.83
0.17
-0.13
0.37
-0.31
0.11
0.53
0.19
-0.43
0.47
0.13
-0.05
-0.73
0.03
-0.17
-0.89
-0.73
0.47
-0.02
-0.37
-0.07
0.17
-0.31
-0.07
0.03
-0.47
0.19
0.41
-0.03
0.37
-0.23
-0.71
0.03
-0.83
0.11
-0.89
0.83
-0.83
-0.83
-0.23
0.97
0.53
-0.61
-0.61
0.13
-0.37
-0.89
-0.89
0.73
0.37
0.23
0.02
-0.07
0.23
-0.67
-0.41
0.23
0.83
0.47
0.31
-0.89
0.19
0.59
0.02
0.89
0.97
-0.02
-0.59
-0.17
0.97
-0.07
-0.53
-0.97
-0.23
-0.67
-0.19
0.11
-0.43
0.71
0.71
-0.07
0.83
-0.13
-0.13
0.83
0.29
-0.43
0.79
0.47
0.79
0.11
0.73
0.83
0.29
0.11
-0.03
0.79
0.11
0.41
-0.67
-0.03
0.53
-0.23
0.79
0.61
-0.23
-0.67
-0.31
0.71
0.41
0.67
-0.43
-0.07
0.73
0.61
0.02
-0.41
0.41
-0.47
-0.05
-0.47
-0.89
0.37
0.03
-0.73
0.31
0.19
0.73
-0.97
0.59
0.73
0.37
-0.11
-0.03
0.13
-0.23
-0.17
0.07
0.89
0.79
0.79
-0.19
0.67
0.29
0.37
-0.07
-0.47
-0.37
0.89
-0.11
-0.02
0.47
0.71
-0.13
0.03
0.31
0.37
-0.19
0.02
-0.17
0.19
0.29
-0.89
-0.97
0.37
0.17
0.73
-0.03
0.41
0.47
0.41
-0.71
0.67
0.53
0.02
-0.29
0.89
0.02
-0.17
0.79
-0.59
-0.83
0.19
0.47
0.89
0.37
-0.47
-0.61
-0.89
0.37
0.53
-0.43
0.19
0.47
-0.71
-0.29
-0.61
-0.13
-0.97
0.19
-0.02
-0.29
0.31
0.23
0.29
0.89
0.61
-0.73
-0.71
-0.31
-0.43
0.31
0.67
0.29
-0.53
0.67
0.71
0.59
0.17
-0.97
-0.02
0.29
0.13
0.73
0.89
0.03
0.53
-0.47
-0.29
0.61
-0.71
0.23
-0.59
-0.02
0.07
0.53
0.89
-0.79
-0.97
0.05
-0.19
0.97
0.43
-0.83
-0.53
-0.41
-0.43
0.37
0.03
0.59
0.47
0.02
-0.79
-0.13
-0.71
0.29
-0.05
0.05
0.79
0.03
0.05
0.31
0.02
-0.05
-0.03
-0.41
0.67
-0.07
0.03
0.13
-0.17
0.61
0.83
0.29
0.37
-0.61
0.02
-0.89
0.05
0.37
-0.31
0.13
0.47
0.53
0.41
-0.02
-0.19
0.97
0.67
0.53
0.59
0.19
0.97
-0.97
0.03
0.23
0.71
0.61
0.97
0.05
-0.23
0.43
0.19
-0.37
-0.23
0.89
0.61
0.41
-0.41
-0.07
-0.83
0.41
-0.17
0.43
-0.29
0.53
0.37
0.53
0.11
-0.59
0.53
-0.61
-0.79
-0.23
0.83
0.47
-0.03
-0.71
-0.37
0.02
-0.37
0.71
0.03
0.97
-0.05
0.19
0.61
-0.29
0.73
-0.67
-0.11
0.41
0.53
-0.11
-0.47
0.47
-0.79
0.97
0.41
-0.05
0.43
-0.17
0.89
-0.19
0.11
-0.83
0.61
-0.97
0.37
-0.17
-0.02
0.41
0.07
0.73
-0.31
-0.79
-0.29
0.17
0.37
-0.41
0.79
-0.61
-0.07
0.97
-0.05
0.97
-0.41
0.71
0.71
-0.13
-0.02
-0.43
-0.11
-0.67
-0.11
-0.02
0.61
0.73
0.97
0.59
-0.37
0.29
-0.07
-0.71
0.79
0.83
0.59
-0.67
-0.23
-0.61
-0.41
-0.31
0.61
0.79
0.03
0.59
0.89
0.29
-0.03
0.11
-0.03
0.03
-0.02
-0.23
-0.43
-0.89
0.11
0.97
0.59
-0.59
-0.17
0.11
0.03
-0.53
-0.79
-0.17
-0.89
-0.83
0.67
-0.31
0.59
0.71
-0.83
0.05
0.41
-0.61
-0.17
-0.11
-0.07
-0.97
-0.11
0.89
0.31
-0.79
-0.83
-0.89
0.19
0.17
0.19
-0.67
0.41
0.83
-0.11
-0.13
-0.17
-0.17
0.11
0.13
0.37
-0.89
-0.29
0.37
0.47
0.97
0.05
-0.37
0.73
-0.79
0.05
-0.83
0.05
-0.73
0.41
-0.03
-0.03
0.07
-0.97
0.05
-0.17
0.23
-0.07
0.03
-0.13
0.23
0.37
0.41
0.71
-0.47
-0.79
-0.59
-0.17
0.61
0.47
-0.43
-0.79
0.23
-0.59
0.29
-0.59
0.97
-0.79
-0.59
-0.29
-0.83
-0.83
0.89
0.53
0.29
0.29
-0.23
-0.37
0.31
0.41
0.07
-0.61
0.59
-0.17
-0.71
-0.59
-0.41
-0.13
-0.07
0.07
0.37
-0.73
-0.23
0.53
-0.05
0.23
0.67
-0.43
-0.47
