-2.57
-0.02
3.37
2.33
-0.07
-0.11
-0.43
0.31
2.29
1.97
0.03
-3.37
-2.93
-1.97
0.13
4.39
-3.73
-0.89
-0.37
-2.69
-1.37
2.83
-4.87
3.53
2.41
-1.07
0.59
-0.59
-1.73
1.79
-1.93
4.63
-3.07
-3.83
2.11
1.57
1.01
-1.93
0.89
3.11
-2.77
-1.01
1.13
1.27
-3.11
-1.67
-2.57
0.37
-0.59
2.33
2.71
-4.63
-2.93
3.37
-4.01
-3.49
-2.77
0.23
-3.73
-2.57
-2.51
-3.73
3.07
-0.07
-2.33
0.79
3.49
2.39
2.81
-1.57
-3.53
0.13
2.57
1.01
2.63
-0.11
0.23
3.11
2.71
2.51
1.67
-3.31
-4.57
-4.31
-2.69
2.71
-2.29
-1.79
-3.07
-3.73
0.13
-1.73
1.49
0.71
-4.39
1.57
-1.81
-3.07
-4.19
1.93
-3.89
2.83
4.67
-1.39
4.21
-0.07
2.11
-1.03
1.27
1.63
-3.89
3.73
-3.83
-3.47
-3.07
0.67
-0.43
-1.27
-4.33
1.01
3.53
1.97
-4.79
-3.31
-0.05
2.77
-1.99
-4.57
