0.12977027893066406
0.20648193359375
0.11634445190429688
0.23676300048828125
0.0969390869140625
0.189788818359375
0.548126220703125
0.0740814208984375
0.0821533203125
0.15058135986328125
0.26598358154296875
0.3627300262451172
0.40301513671875
0.12265777587890625
0.3267364501953125
0.10729217529296875
0.13509750366210938
0.06988525390625
0.4446563720703125
0.052974700927734375
0.0817718505859375
0.09354019165039062
0.2634735107421875
0.16754913330078125
0.22031593322753906
0.1193695068359375
0.0531005859375
0.1792144775390625
0.14431381225585938
0.16633272171020508
0.0558624267578125
0.0859375
0.074249267578125
0.0869140625
0.059814453125
0.1366424560546875
0.11871337890625
0.2210693359375
0.0043487548828125
0.3542633056640625
0.1587371826171875
0.15634918212890625
0.34920501708984375
0.334259033203125
0.16961669921875
0.18693923950195312
0.09295654296875
0.0146026611328125
0.17415618896484375
0.23940277099609375
0.20267486572265625
0.2330169677734375
0.160614013671875
0.56402587890625
0.1479034423828125
0.6197052001953125
0.27993011474609375
0.2748584747314453
0.1221923828125
0.00679779052734375
0.3856964111328125
0.1300811767578125
0.14818954467773438
0.1607666015625
0.0615386962890625
0.3401947021484375
0.5967864990234375
0.17780685424804688
0.5307693481445312
0.1975555419921875
0.6415939331054688
0.035125732421875
0.026538848876953125
0.0435028076171875
0.2251129150390625
0.05651092529296875
0.0759735107421875
0.2866363525390625
0.063201904296875
0.165008544921875
0.3589210510253906
0.0251007080078125
0.0008373260498046875
0.2001018524169922
0.02347564697265625
0.05583953857421875
0.6418838500976562
0.09238815307617188
0.689178466796875
0.4832305908203125
0.1181793212890625
0.2215118408203125
0.40892887115478516
0.0157928466796875
0.140472412109375
0.495513916015625
0.4844818115234375
0.10825729370117188
0.00740814208984375
0.11144638061523438
0.25366973876953125
0.32160186767578125
0.246246337890625
0.1341552734375
0.244110107421875
0.027240753173828125
0.208892822265625
0.2960357666015625
0.09429931640625
0.335296630859375
0.117706298828125
0.04438018798828125
0.04264068603515625
0.2646446228027344
0.2523345947265625
0.11644744873046875
0.2777748107910156
0.115264892578125
0.12837982177734375
0.25681304931640625
0.08953857421875
0.47214508056640625
0.0767822265625
0.4029884338378906
0.5115509033203125
0.0758514404296875
0.2305145263671875
0.0182952880859375
0.37331390380859375
0.2801017761230469
0.04219818115234375
0.03800201416015625
0.2730560302734375
0.1770172119140625
0.1565704345703125
0.12656784057617188
0.6570892333984375
0.08615875244140625
0.02390289306640625
0.2363739013671875
0.170623779296875
0.0126800537109375
0.3224334716796875
0.38941192626953125
0.07689666748046875
0.0677337646484375
0.0445404052734375
0.46910858154296875
0.3626213073730469
0.3384857177734375
0.3335418701171875
0.3910350799560547
0.5969390869140625
0.3353538513183594
0.13656234741210938
0.5392303466796875
0.10085296630859375
0.18405723571777344
0.14244842529296875
0.00128936767578125
0.03582763671875
0.11142730712890625
0.140533447265625
0.017910003662109375
0.0688934326171875
0.2484130859375
0.2139434814453125
0.084320068359375
0.378143310546875
0.218994140625
0.0374755859375
0.2642974853515625
0.42757225036621094
0.0016918182373046875
0.38611602783203125
0.171905517578125
0.1998748779296875
0.02153778076171875
0.09463691711425781
0.074737548828125
0.2738609313964844
0.2108612060546875
0.056182861328125
0.264951229095459
0.024837493896484375
0.1157989501953125
0.09654998779296875
0.23406982421875
0.07828521728515625
0.1643829345703125
0.081146240234375
0.02924346923828125
0.5812301635742188
0.36846923828125
0.2205657958984375
0.22119140625
0.178070068359375
0.2666168212890625
0.1689910888671875
0.08400344848632812
0.3612213134765625
0.0182647705078125
0.17263031005859375
0.1738739013671875
0.31838226318359375
0.0125579833984375
0.3122406005859375
0.00323486328125
0.304107666015625
0.43585968017578125
0.201019287109375
0.3817901611328125
0.3304443359375
0.382232666015625
0.14996337890625
0.3440399169921875
0.242919921875
0.1628570556640625
0.05612945556640625
0.24323272705078125
0.127105712890625
0.105194091796875
0.365966796875
0.0455169677734375
0.4651527404785156
0.00443267822265625
0.0192413330078125
0.46246337890625
0.03755950927734375
0.4024810791015625
0.2270050048828125
0.2118377685546875
0.27790069580078125
0.12808990478515625
0.09534835815429688
0.176239013671875
0.007225990295410156
0.26461124420166016
0.259552001953125
0.6054840087890625
0.03509521484375
0.0979766845703125
0.18499755859375
0.009033203125
0.27325439453125
0.077301025390625
0.07482147216796875
0.18780517578125
0.22318267822265625
0.05300140380859375
0.09697723388671875
0.26647186279296875
0.2529449462890625
0.37502288818359375
0.0700225830078125
0.1956939697265625
