10.012125015258789
122.29661560058594
10.162487030029297
-120.8751449584961
-116.59689331054688
-111.5777587890625
46.43096923828125
53.21537780761719
102.34547424316406
50.227439880371094
112.5383529663086
-6.059587478637695
129.70526123046875
38.92011260986328
-110.0728759765625
40.707664489746094
30.392414093017578
117.28829956054688
-65.96722412109375
-22.008892059326172
-209.77090454101562
-45.84183883666992
191.66207885742188
-54.126609802246094
-15.686822891235352
-1.812408447265625
89.732177734375
-74.0745849609375
13.579288482666016
-2.929638385772705
-218.40228271484375
129.4730224609375
83.37205505371094
39.507598876953125
-39.302825927734375
133.44873046875
154.00347900390625
-147.4159393310547
206.7603759765625
-96.963134765625
229.1062774658203
121.2513656616211
-40.751319885253906
-72.59434509277344
-59.335357666015625
-16.03860855102539
155.39852905273438
134.27890014648438
46.027610778808594
74.6767349243164
-87.6763687133789
-254.35667419433594
-140.34219360351562
276.7041320800781
-174.84014892578125
-137.9243621826172
-70.17606353759766
-29.263704299926758
260.67376708984375
-34.841285705566406
111.18038940429688
-41.18467712402344
-5.003185272216797
130.26820373535156
-94.64610290527344
75.72038269042969
-145.0174102783203
41.1086540222168
-74.23558807373047
-106.47813415527344
122.57123565673828
-266.6558837890625
-46.29500198364258
-8.712188720703125
128.89892578125
109.35991668701172
1.805419921875
-191.82640075683594
-166.7001953125
179.5754852294922
-59.29440689086914
-31.454757690429688
-8.326215744018555
26.43242073059082
73.31534576416016
57.339561462402344
-64.4789810180664
9.294818878173828
199.01950073242188
88.82876586914062
-107.69013977050781
-144.4651641845703
-8.00327205657959
172.92098999023438
-137.68914794921875
-72.30679321289062
49.106231689453125
23.929630279541016
-126.75109100341797
-27.935108184814453
-57.276466369628906
46.54413604736328
148.4934844970703
-157.08404541015625
-5.3743743896484375
-3.827434539794922
-89.22840881347656
-202.32664489746094
-128.78346252441406
243.86575317382812
-333.4632568359375
98.08666229248047
26.02873992919922
26.468669891357422
-127.39543151855469
52.254722595214844
27.357746124267578
54.46086120605469
103.99915313720703
-93.0121078491211
-20.478042602539062
-49.777671813964844
6.6335296630859375
38.06303787231445
129.4712677001953
-106.19332885742188
76.11614990234375
-85.26361083984375
74.2444076538086
29.769474029541016
58.42353057861328
91.67028045654297
135.9356689453125
-140.78134155273438
238.84556579589844
21.374523162841797
101.78361511230469
43.227821350097656
-67.62029266357422
-206.36590576171875
-141.63748168945312
200.07754516601562
-5.5859527587890625
39.315956115722656
127.50951385498047
84.16249084472656
38.40185546875
23.901268005371094
26.139659881591797
-50.63250732421875
60.86824035644531
-2.620969772338867
-183.33694458007812
-17.725452423095703
56.18557357788086
34.351654052734375
55.102821350097656
9.587133407592773
7.214683532714844
-90.90862274169922
-184.15737915039062
-5.975318908691406
-230.65599060058594
42.59907150268555
-153.71939086914062
-108.47377014160156
169.51255798339844
-311.58221435546875
-258.8103332519531
-79.00164794921875
326.2503662109375
-23.061752319335938
17.4462833404541
-24.365415573120117
-76.44226837158203
307.8705139160156
-193.4104766845703
-78.21842193603516
21.936464309692383
52.531951904296875
11.877506256103516
-141.04766845703125
-100.14767456054688
-3.0121026039123535
52.25496292114258
69.458740234375
-75.54805755615234
154.07293701171875
77.49504852294922
1.5930023193359375
119.05833435058594
-123.36356353759766
122.32941436767578
220.93641662597656
98.6949462890625
15.734817504882812
7.6362457275390625
-126.61802673339844
-91.23139953613281
14.103679656982422
106.50259399414062
165.27728271484375
21.08519744873047
145.285888671875
29.398887634277344
-148.686279296875
95.78094482421875
-241.25363159179688
143.3905792236328
92.31385040283203
-257.0995788574219
-169.9938201904297
-134.27142333984375
200.71946716308594
-90.61190795898438
-158.17010498046875
135.47621154785156
134.14404296875
22.81696319580078
92.37303924560547
140.68209838867188
-200.17440795898438
23.333404541015625
-94.0146484375
-12.476085662841797
-76.92671966552734
-80.09550476074219
196.82958984375
63.361549377441406
46.04051208496094
97.27024841308594
-100.465576171875
-42.75530242919922
-90.64934539794922
25.526363372802734
44.17103576660156
8.47623348236084
2.1254358291625977
-180.47286987304688
-112.42521667480469
46.12687683105469
-161.50001525878906
109.02497863769531
103.39447021484375
98.05490112304688
-81.17613220214844
-12.080223083496094
303.62371826171875
35.27257537841797
-38.83100128173828
-119.36946868896484
21.635169982910156
155.42626953125
10.655006408691406
66.59774780273438
-21.1671142578125
